val(:,:,1,1) =

   222   222   222   222   222   222   222   221   221   221   221     0
   222   222   222   223   222   222   222   222   221   221   221     0
   222   222   221   221   222   222   221   221   221   221   221     0
   221   221   221   221   221   221   221   221   221   221   221     0
   221   221   221   221   221   221   221   221   221   221   221     0
   222   222   221   221   222   221   221   221   221   221   221     0


val(:,:,2,1) =

     9     9     9     9     9     9     9     8     8     8     8     0
     9     9     9    10     9     9     9     9     8     8     8     0
     9     9     8     8     9     9     8     8     8     8     8     0
     8     8     8     8     8     8     8     8     8     8     8     0
     8     8     8     8     8     8     8     8     8     8     8     0
     9     9     8     8     9     8     8     8     8     8     8     0


val(:,:,3,1) =

     3     3     3     3     3     3     3     2     2     2     2     0
     3     3     3     4     3     3     3     3     2     2     2     0
     3     3     2     2     3     3     2     2     2     2     2     0
     2     2     2     2     2     2     2     2     2     2     2     0
     2     2     2     2     2     2     2     2     2     2     2     0
     3     3     2     2     3     2     2     2     2     2     2     0




val(:,:,1,2) =

     0   255   255   255   255   255   255   255   255   255   255     0
     0   255   255   255   255   255   255   255   255   255   255     0
     0   255   255   255   255   255   255   255   255   255   255     0
     0   255   255   255   255   255   255   255   255   255   255     0
     0   255   255   255   255   255   255   255   255   255   255     0
     0   255   255   255   255   255   255   255   255   255   255     0


val(:,:,2,2) =

     0   127   127   127   127   127   127   127   127   127   127     0
     0   127   127   127   127   127   127   127   127   127   127     0
     0   127   127   127   127   127   127   127   127   127   127     0
     0   127   127   127   127   127   127   127   127   127   127     0
     0   127   127   127   127   127   127   127   127   127   127     0
     0   127   127   127   127   127   127   127   127   127   127     0


val(:,:,3,2) =

     0     0     0     0     0     0     0     0     0     0     0     0
     0     0     0     0     0     0     0     0     0     0     0     0
     0     0     0     0     0     0     0     0     0     0     0     0
     0     0     0     0     0     0     0     0     0     0     0     0
     0     0     0     0     0     0     0     0     0     0     0     0
     0     0     0     0     0     0     0     0     0     0     0     0




val(:,:,1,3) =

   255   255   255   255   255   255   255   255   255   255   255     0
   255   255   255   255   255   255   255   255   255   255   255     0
   255   255   255   255   255   255   255   255   255   255   255     0
   255   255   255   255   255   255   255   255   255   255   255     0
   255   255   255   255   255   255   255   255   255   255   255     0
   255   255   255   255   255   255   255   255   255   255   255     0


val(:,:,2,3) =

   220   220   220   220   220   220   220   220   220   220   218     0
   220   220   220   220   220   220   220   220   220   221   219     0
   220   220   220   220   220   220   220   220   220   220   219     0
   220   220   220   220   220   220   220   220   220   220   219     0
   220   220   220   220   220   220   220   220   220   220   219     0
   220   220   220   220   220   220   220   220   220   220   219     0


val(:,:,3,3) =

    45    46    46    46    46    46    46    46    46    47    41     0
    46    48    47    47    47    47    47    47    47    48    42     0
    46    47    47    47    47    47    47    47    47    48    42     0
    46    47    47    47    47    47    47    47    47    48    42     0
    46    48    47    47    47    47    47    47    47    48    42     0
    45    47    46    46    46    46    46    46    46    47    41     0




val(:,:,1,4) =

     0    43    47    47    46    42    41    39    36    30    22     0
     0    45    46    45    44    42    40    39    36    33    31     0
     0    45    46    43    42    41    39    38    36    33    30     0
     0    43    43    41    40    38    37    36    34    31    29     0
     0    40    41    39    38    37    35    35    33    29    26     0
     0    37    39    39    38    37    34    33    32    26    21     0


val(:,:,2,4) =

     0   166   176   179   181   181   179   175   170   159   144     0
     0   174   178   180   182   181   181   179   174   166   162     0
     0   177   180   182   181   181   180   178   175   166   162     0
     0   175   179   180   180   179   177   177   174   166   161     0
     0   172   177   178   179   178   177   176   173   164   159     0
     0   168   175   178   179   178   178   175   169   158   149     0


val(:,:,3,4) =

     0    53    59    59    57    55    53    50    47    41    32     0
     0    56    57    57    56    54    52    50    48    43    41     0
     0    55    56    55    54    52    50    48    46    42    40     0
     0    53    54    53    52    49    48    47    45    40    39     0
     0    50    51    51    49    48    47    46    44    38    36     0
     0    46    49    49    49    48    47    45    40    35    32     0




val(:,:,1,5) =

     0     0    24    26    26    25    26    27    24    25     0     0
     0     0    25    26    25    27    27    27    26    26     0     0
     0     0    24    26    26    28    27    28    29    27     0     0
     0     0    24    26    25    26    28    29    27    25     0     0
     0     0    24    26    25    24    25    27    27    25     0     0
     0     0    23    25    24    24    25    24    24    28     0     0


val(:,:,2,5) =

     0     0   158   160   160   159   161   162   159   161     0     0
     0     0   158   160   160   160   162   162   161   160     0     0
     0     0   158   160   160   161   162   163   162   160     0     0
     0     0   157   159   159   160   160   160   160   160     0     0
     0     0   157   159   158   158   158   158   159   157     0     0
     0     0   155   158   156   156   158   157   157   159     0     0


val(:,:,3,5) =

     0     0   223   224   224   223   224   225   223   224     0     0
     0     0   223   224   223   223   224   224   224   223     0     0
     0     0   223   223   223   224   224   225   224   223     0     0
     0     0   221   223   223   223   223   223   223   222     0     0
     0     0   221   222   222   221   222   222   222   220     0     0
     0     0   220   222   220   220   222   221   221   222     0     0




val(:,:,1,6) =

     0   181   184   188   191   194   196   198   198   198   198     0
     0   176   179   182   185   188   191   194   196   198   198     0
     0   170   173   176   179   182   186   189   192   195   197     0
     0   166   168   171   174   177   180   183   186   190   192     0
     0   162   164   166   168   171   174   178   181   184   187     0
     0   162   162   163   164   166   169   172   175   178   181     0


val(:,:,2,6) =

     0    53    62    71    79    86    93    98   102   102   102     0
     0    37    46    55    64    72    80    88    94    99   102     0
     0    22    30    38    48    56    65    74    82    89    95     0
     0     9    16    23    31    40    49    58    67    76    83     0
     0     1     5    10    17    25    33    42    51    60    68     0
     0     1     1     2     6    12    19    26    35    44    52     0


val(:,:,3,6) =

     0   255   255   255   255   255   255   254   254   254   254     0
     0   255   255   255   255   255   255   255   255   254   254     0
     0   255   255   255   255   255   255   255   255   255   255     0
     0   255   255   255   255   255   255   255   255   255   255     0
     0   255   255   255   255   255   255   255   255   255   255     0
     0   255   255   255   255   255   255   255   255   255   255     0
