val(:,:,1) =

     0   181   222   222   255   255   255   255    36    30     0     0
     0   176   222   223   255   255   255   255    36    33     0     0
     0   170   221   221   255   255   255   255    36    33     0     0
     0   166   221   221   255   255   255   255    34    31     0     0
     0   162   221   221   255   255   255   255    33    29     0     0
     0   162   221   221   255   255   255   255    32    26     0     0


val(:,:,2) =

     0    53     9     9   127   127   220   220   170   159     0     0
     0    37     9    10   127   127   220   220   174   166     0     0
     0    22     8     8   127   127   220   220   175   166     0     0
     0     9     8     8   127   127   220   220   174   166     0     0
     0     1     8     8   127   127   220   220   173   164     0     0
     0     1     8     8   127   127   220   220   169   158     0     0


val(:,:,3) =

     0   255     3     3     0     0    46    46    47    41     0     0
     0   255     3     4     0     0    47    47    48    43     0     0
     0   255     2     2     0     0    47    47    46    42     0     0
     0   255     2     2     0     0    47    47    45    40     0     0
     0   255     2     2     0     0    47    47    44    38     0     0
     0   255     2     2     0     0    46    46    40    35     0     0